bb.de <-
structure(c(0L, 0L, 0L, 0L, 0L, 0L, 0L, 0L, 0L, 0L, 0L, 0L, 0L, 
0L, 0L, 0L, 0L, 0L, 0L, 0L, 0L, 1L, 0L, 0L, 0L, 0L, 0L, 0L, 0L, 
0L, 0L, 0L, 1L, 0L, 0L, 0L, 0L, 0L, 0L, 1L, 0L, 0L, 1L, 0L, 0L, 
0L, 0L, 0L, 0L, 0L, 0L, 1L, 0L, 0L, 1L, 0L, 0L, 0L, 0L, 0L, 0L, 
0L, 0L, 0L, 0L, 0L, 0L, 0L, 0L, 0L, 0L, 0L, 0L, 0L, 0L, 0L, 0L, 
0L, 4L, 7L, 3L, 0L, 1L, 0L, 2L, 2L, 0L, 2L, 2L, 0L, 0L, 1L, 0L, 
4L, 2L, 1L, 1L, 0L, 2L, 1L, 1L, 1L, 1L, 0L, 0L, 0L, 0L, 0L, 0L, 
0L, 0L, 0L, 0L, 0L, 4L, 0L, 2L, 0L, 0L, 0L, 0L, 0L, 0L, 0L, 0L, 
0L, 0L, 0L, 0L, 1L, 0L, 0L, 0L, 0L, 0L, 0L, 0L, 0L, 0L, 0L, 0L, 
0L, 0L, 0L, 0L, 0L, 0L, 0L, 0L, 0L, 0L, 0L, 0L, 0L, 0L, 0L, 1L, 
0L, 0L, 0L, 0L, 0L, 2L, 0L, 0L, 0L, 0L, 0L, 0L, 0L, 0L, 0L, 0L, 
0L, 0L, 0L, 0L, 0L, 0L, 0L, 0L, 0L, 0L, 0L, 0L, 0L, 0L, 0L, 0L, 
0L, 0L, 0L, 0L, 1L, 0L, 0L, 1L, 0L, 1L, 0L, 0L, 0L, 5L, 2L, 1L, 
1L, 1L, 11L, 0L, 0L, 0L, 0L, 0L, 0L, 1L, 4L, 0L, 0L, 0L, 0L, 
1L, 2L, 1L, 0L, 0L, 5L, 1L, 3L, 4L, 3L, 1L, 3L, 3L, 4L, 4L, 1L, 
0L, 0L, 0L, 0L, 0L, 1L, 0L, 0L, 1L, 0L, 0L, 1L, 0L, 0L, 0L, 0L, 
0L, 0L, 0L, 0L, 0L, 0L, 0L, 0L, 0L, 0L, 0L, 0L, 1L, 0L, 0L, 0L, 
0L, 0L, 1L, 1L, 0L, 0L, 0L, 0L, 0L, 0L, 0L, 0L, 0L, 0L, 0L, 0L, 
2L, 0L, 0L, 0L, 0L, 0L, 0L, 0L, 0L, 0L, 0L, 1L, 0L, 0L, 0L, 0L, 
0L, 0L, 0L, 0L, 0L, 0L, 0L, 0L, 0L, 1L, 0L, 0L, 1L, 2L, 0L, 1L, 
1L, 0L, 0L, 2L, 0L, 0L, 1L, 0L, 0L, 0L, 0L, 0L, 1L, 1L, 0L, 1L, 
0L, 1L, 1L, 0L, 0L, 0L, 0L, 0L, 1L, 2L, 0L, 0L, 0L, 2L, 0L, 2L, 
2L, 0L, 1L, 15L, 1L, 0L, 0L, 0L, 1L, 15L, 0L, 0L, 7L, 2L, 0L, 
13L, 1L, 1L, 19L, 2L, 0L, 5L, 1L, 1L, 16L, 4L, 6L, 2L, 2L, 2L, 
4L, 4L, 3L, 14L, 3L, 2L, 15L, 2L, 2L, 14L, 1L, 1L, 3L, 1L, 0L, 
0L, 0L, 0L, 0L, 0L, 0L, 0L, 0L, 0L, 4L, 0L, 0L, 8L, 1L, 2L, 1L, 
0L, 0L, 6L, 1L, 4L, 6L, 3L, 0L, 15L, 1L, 1L, 0L, 0L, 0L, 4L, 
0L, 0L, 8L, 0L, 0L, 0L, 0L, 0L, 0L, 0L, 0L, 0L, 0L, 0L, 0L, 0L, 
0L, 0L, 0L, 0L, 0L, 0L, 0L, 0L, 0L, 0L, 0L, 1L, 0L, 0L, 0L, 0L, 
0L, 0L, 0L, 0L, 0L, 0L, 0L, 0L, 0L, 0L, 0L, 0L), .Dim = c(3L, 
13L, 12L), .Dimnames = list(c("sdown", "woff", "sdam"), c("1940-8-26", 
"1940-8-27", "1940-8-28", "1940-8-29", "1940-8-30", "1940-8-31", 
"1940-9-1", "1940-9-2", "1940-9-3", "1940-9-4", "1940-9-5", "1940-9-6", 
"1940-9-7"), c("Do18", "Do17P", "Do17Z", "Do215", "He59", "He111H", 
"He111P", "He115", "Ju88", "Bf109", "Bf110", "Ju87")))
