covid19.nz <-
structure(list(doy = structure(c(18310, 18311, 18312, 18313, 
18314, 18315, 18316, 18317, 18318, 18319, 18320, 18321, 18322, 
18323, 18324, 18325, 18326, 18327, 18328, 18329, 18330, 18331, 
18332, 18333, 18334, 18335, 18336, 18337, 18338, 18339, 18340, 
18341, 18342, 18343, 18344, 18345, 18346, 18347, 18348, 18349, 
18350, 18351, 18352, 18353, 18354, 18355, 18356, 18357, 18358, 
18359, 18360, 18361, 18362, 18363, 18364, 18365, 18366, 18367, 
18368, 18369, 18370, 18371, 18372, 18373, 18374, 18375, 18376, 
18377, 18378), class = "Date"), newcases = c(0L, 0L, 0L, 0L, 
0L, 0L, 0L, 0L, 0L, 0L, 0L, 1L, 0L, 0L, 0L, 1L, 1L, 1L, 1L, 0L, 
0L, 0L, 0L, 0L, 0L, 1L, 2L, 0L, 4L, 8L, 8L, 11L, 13L, 14L, 36L, 
53L, 50L, 78L, 85L, 83L, 63L, 75L, 58L, 61L, 89L, 71L, 82L, 89L, 
67L, 54L, 50L, 29L, 44L, 29L, 18L, 19L, 17L, 20L, 15L, 8L, 13L, 
9L, 9L, 5L, 3L, 3L, 5L, 5L, 9L), Day = c(-11, -10, -9, -8, -7, 
-6, -5, -4, -3, -2, -1, 0, 1, 2, 3, 4, 5, 6, 7, 8, 9, 10, 11, 
12, 13, 14, 15, 16, 17, 18, 19, 20, 21, 22, 23, 24, 25, 26, 27, 
28, 29, 30, 31, 32, 33, 34, 35, 36, 37, 38, 39, 40, 41, 42, 43, 
44, 45, 46, 47, 48, 49, 50, 51, 52, 53, 54, 55, 56, 57)), row.names = c(NA, 
69L), class = "data.frame")
