crashf.au <-
structure(list(Mon = c(74L, 141L, 143L, 68L), Tue = c(87L, 
143L, 150L, 50L), Wed = c(94L, 131L, 141L, 86L), Thu = c(99L, 
137L, 171L, 85L), Fri = c(103L, 159L, 203L, 163L), Sat = c(109L, 
205L, 184L, 150L), Sun = c(102L, 180L, 157L, 69L)), .Names = c("Mon", 
"Tue", "Wed", "Thu", "Fri", "Sat", "Sun"
), class = "data.frame", row.names = c("Morning", "Midday", "Evening", 
"Night"))
