crime.us <-
structure(list(State = c("Alabama", "Alaska", "Arizona", "Arkansas", 
"California", "Colorado", "Connecticut", "Delaware", "Florida", 
"Georgia", "Hawaii", "Idaho", "Illinois", "Indiana", "Iowa", 
"Kansas", "Kentucky", "Louisiana", "Maine", "Maryland", "Massachusetts", 
"Michigan", "Minnesota", "Mississippi", "Missouri", "Montana", 
"Nebraska", "Nevada", "New_Hampshire", "New_Jersey", "New_Mexico", 
"New_York", "North_Carolina", "North_Dakota", "Ohio", "Oklahoma", 
"Oregon", "Pennsylvania", "Rhode_Island", "South_Carolina", "South_Dakota", 
"Tennessee", "Texas", "Utah", "Vermont", "Virginia", "Washington", 
"West_Virginia", "Wisconsin", "Wyoming"), Population = c(4708708L, 
698473L, 6595778L, 2889450L, 36961664L, 5024748L, 3518288L, 885122L, 
18537969L, 9829211L, 1295178L, 1545801L, 12910409L, 6423113L, 
3007856L, 2818747L, 4314113L, 4492076L, 1318301L, 5699478L, 6593587L, 
9969727L, 5266214L, 2951996L, 5987580L, 974989L, 1796619L, 2643085L, 
1324575L, 8707739L, 2009671L, 19541453L, 9380884L, 646844L, 11542645L, 
3687050L, 3825657L, 12604767L, 1053209L, 4561242L, 812383L, 6296254L, 
24782302L, 2784572L, 621760L, 7882590L, 6664195L, 1819777L, 5654774L, 
544270L), ViolentCrimeTotal = c(21179L, 4421L, 26929L, 14959L, 
174459L, 16976L, 10508L, 5635L, 113541L, 41880L, 3559L, 3530L, 
64185L, 21404L, 8397L, 11278L, 11159L, 27849L, 1579L, 33623L, 
30136L, 49547L, 12842L, 8304L, 29444L, 2473L, 5059L, 18559L, 
2114L, 27121L, 12440L, 75176L, 37929L, 1298L, 38332L, 18474L, 
9744L, 47965L, 2660L, 30596L, 1508L, 42041L, 121668L, 5924L, 
817L, 17879L, 22056L, 5396L, 14533L, 1242L), Murder = c(323L, 
22L, 354L, 179L, 1972L, 175L, 107L, 41L, 1017L, 566L, 22L, 22L, 
773L, 310L, 34L, 119L, 178L, 530L, 26L, 438L, 172L, 627L, 74L, 
190L, 383L, 28L, 40L, 157L, 10L, 319L, 175L, 778L, 494L, 10L, 
519L, 228L, 85L, 661L, 31L, 287L, 21L, 461L, 1328L, 37L, 7L, 
347L, 179L, 84L, 144L, 13L), Rape = c(1504L, 512L, 2110L, 1368L, 
8713L, 2242L, 651L, 338L, 5501L, 2301L, 392L, 552L, 3901L, 1640L, 
853L, 1096L, 1509L, 1359L, 376L, 1156L, 1701L, 4514L, 1789L, 
939L, 1607L, 294L, 595L, 1021L, 400L, 1041L, 1057L, 2586L, 2306L, 
225L, 4022L, 1529L, 1168L, 3651L, 287L, 1612L, 445L, 1993L, 8287L, 
905L, 124L, 1511L, 2539L, 433L, 1108L, 184L), Robbery = c(6259L, 
655L, 8099L, 2582L, 64093L, 3387L, 3990L, 1671L, 30911L, 14603L, 
1034L, 245L, 22923L, 7352L, 1195L, 1786L, 3629L, 6105L, 399L, 
12007L, 7427L, 12330L, 3619L, 2965L, 7452L, 216L, 1219L, 6021L, 
455L, 11639L, 1870L, 28136L, 11825L, 105L, 17782L, 3343L, 2461L, 
17514L, 786L, 5735L, 111L, 9647L, 38035L, 1299L, 111L, 6257L, 
6699L, 917L, 4850L, 77L), Assault = c(13093L, 3232L, 16366L, 
10830L, 99681L, 11172L, 5760L, 3585L, 76112L, 24410L, 2111L, 
2711L, 36588L, 12102L, 6315L, 8277L, 5843L, 19855L, 778L, 20022L, 
20836L, 32076L, 7360L, 4210L, 20002L, 1935L, 3205L, 11360L, 1249L, 
14122L, 9338L, 43676L, 23304L, 958L, 16009L, 13374L, 6030L, 26139L, 
1556L, 22962L, 931L, 29940L, 74018L, 3683L, 575L, 9764L, 12639L, 
3962L, 8431L, 968L), PropertyCrimeTotal = c(177629L, 20577L, 
234582L, 109038L, 1009614L, 133968L, 82181L, 29648L, 712010L, 
360400L, 47419L, 30741L, 353347L, 200160L, 69441L, 90420L, 108401L, 
170456L, 31685L, 182422L, 151914L, 282918L, 139083L, 87181L, 
202698L, 24024L, 49614L, 80763L, 28624L, 181097L, 75078L, 378315L, 
344098L, 12502L, 377553L, 131769L, 113511L, 277512L, 27497L, 
177369L, 13968L, 236365L, 995145L, 91205L, 14931L, 191453L, 244368L, 
45981L, 147486L, 14354L), Burglary = c(48837L, 3597L, 53412L, 
34764L, 230137L, 26649L, 15073L, 6932L, 181884L, 98362L, 9178L, 
6558L, 77850L, 48910L, 16224L, 19469L, 29701L, 46246L, 6728L, 
37032L, 34665L, 75815L, 25488L, 29162L, 43787L, 3386L, 8701L, 
21994L, 4928L, 37262L, 22022L, 62842L, 107830L, 2354L, 104213L, 
37975L, 19377L, 54797L, 5749L, 45282L, 2479L, 63646L, 240233L, 
15159L, 3452L, 31576L, 52791L, 11951L, 26740L, 2230L), LarcenyTheft = c(117711L, 
15291L, 155184L, 68171L, 615456L, 94861L, 59632L, 20809L, 479867L, 
228893L, 33422L, 22741L, 248821L, 137371L, 49329L, 64997L, 72620L, 
112493L, 23936L, 125771L, 105514L, 177720L, 105076L, 52618L, 
141432L, 19182L, 37432L, 46390L, 22572L, 128327L, 46580L, 293603L, 
216244L, 9296L, 250450L, 83390L, 84265L, 204894L, 19355L, 118521L, 
10676L, 157746L, 678353L, 69142L, 11031L, 148458L, 167897L, 31289L, 
111820L, 11353L), MotorVehicleTheft = c(11081L, 1689L, 25986L, 
6103L, 164021L, 12458L, 7476L, 1907L, 50259L, 33145L, 4819L, 
1442L, 26676L, 13879L, 3888L, 5954L, 6080L, 11717L, 1021L, 19619L, 
11735L, 29383L, 8519L, 5401L, 17479L, 1456L, 3481L, 12379L, 1124L, 
15508L, 6476L, 21870L, 20024L, 852L, 22890L, 10404L, 9869L, 17821L, 
2393L, 13566L, 813L, 14973L, 76559L, 6904L, 448L, 11419L, 23680L, 
2741L, 8926L, 771L), ViolentCrimeRate = c(449.8, 633, 408.3, 
517.7, 472, 337.8, 298.7, 636.6, 612.5, 426.1, 274.8, 228.4, 
497.2, 333.2, 279.2, 400.1, 258.7, 620, 119.8, 589.9, 457.1, 
497, 243.9, 281.3, 491.8, 253.6, 281.6, 702.2, 159.6, 311.5, 
619, 384.7, 404.3, 200.7, 332.1, 501.1, 254.7, 380.5, 252.6, 
670.8, 185.6, 667.7, 490.9, 212.7, 131.4, 226.8, 331, 296.5, 
257, 228.2), MurderRate = c(6.9, 3.1, 5.4, 6.2, 5.3, 3.5, 3, 
4.6, 5.5, 5.8, 1.7, 1.4, 6, 4.8, 1.1, 4.2, 4.1, 11.8, 2, 7.7, 
2.6, 6.3, 1.4, 6.4, 6.4, 2.9, 2.2, 5.9, 0.8, 3.7, 8.7, 4, 5.3, 
1.5, 4.5, 6.2, 2.2, 5.2, 2.9, 6.3, 2.6, 7.3, 5.4, 1.3, 1.1, 4.4, 
2.7, 4.6, 2.5, 2.4), RapeRate = c(31.9, 73.3, 32, 47.3, 23.6, 
44.6, 18.5, 38.2, 29.7, 23.4, 30.3, 35.7, 30.2, 25.5, 28.4, 38.9, 
35, 30.3, 28.5, 20.3, 25.8, 45.3, 34, 31.8, 26.8, 30.2, 33.1, 
38.6, 30.2, 12, 52.6, 13.2, 24.6, 34.8, 34.8, 41.5, 30.5, 29, 
27.3, 35.3, 54.8, 31.7, 33.4, 32.5, 19.9, 19.2, 38.1, 23.8, 19.6, 
33.8), RobberyRate = c(132.9, 93.8, 122.8, 89.4, 173.4, 67.4, 
113.4, 188.8, 166.7, 148.6, 79.8, 15.8, 177.6, 114.5, 39.7, 63.4, 
84.1, 135.9, 30.3, 210.7, 112.6, 123.7, 68.7, 100.4, 124.5, 22.2, 
67.8, 227.8, 34.4, 133.7, 93.1, 144, 126.1, 16.2, 154.1, 90.7, 
64.3, 138.9, 74.6, 125.7, 13.7, 153.2, 153.5, 46.6, 17.9, 79.4, 
100.5, 50.4, 85.8, 14.1), AssaultRate = c(278.1, 462.7, 248.1, 
374.8, 269.7, 222.3, 163.7, 405, 410.6, 248.3, 163, 175.4, 283.4, 
188.4, 210, 293.6, 135.4, 442, 59, 351.3, 316, 321.7, 139.8, 
142.6, 334.1, 198.5, 178.4, 429.8, 94.3, 162.2, 464.7, 223.5, 
248.4, 148.1, 138.7, 362.7, 157.6, 207.4, 147.7, 503.4, 114.6, 
475.5, 298.7, 132.3, 92.5, 123.9, 189.7, 217.7, 149.1, 177.9), 
    PropertyCrimeRate = c(3772.4, 2946, 3556.5, 3773.7, 2731.5, 
    2666.2, 2335.8, 3349.6, 3840.8, 3666.6, 3661.2, 1988.7, 2736.9, 
    3116.2, 2308.7, 3207.8, 2512.7, 3794.6, 2403.5, 3200.7, 2304, 
    2837.8, 2641, 2953.3, 3385.3, 2464, 2761.5, 3055.6, 2161, 
    2079.7, 3735.8, 1936, 3668.1, 1932.8, 3270.9, 3573.8, 2967.1, 
    2201.6, 2610.8, 3888.6, 1719.4, 3754.1, 4015.5, 3275.4, 2401.4, 
    2428.8, 3666.9, 2526.7, 2608.2, 2637.3), BurglaryRate = c(1037.2, 
    515, 809.8, 1203.1, 622.6, 530.4, 428.4, 783.2, 981.1, 1000.7, 
    708.6, 424.2, 603, 761.5, 539.4, 690.7, 688.5, 1029.5, 510.4, 
    649.7, 525.7, 760.5, 484, 987.9, 731.3, 347.3, 484.3, 832.1, 
    372, 427.9, 1095.8, 321.6, 1149.5, 363.9, 902.9, 1030, 506.5, 
    434.7, 545.9, 992.8, 305.2, 1010.9, 969.4, 544.4, 555.2, 
    400.6, 792.2, 656.7, 472.9, 409.7), LarcenyTheftRate = c(2499.9, 
    2189.2, 2352.8, 2359.3, 1665.1, 1887.9, 1694.9, 2351, 2588.6, 
    2328.7, 2580.5, 1471.1, 1927.3, 2138.7, 1640, 2305.9, 1683.3, 
    2504.3, 1815.7, 2206.7, 1600.3, 1782.6, 1995.3, 1782.5, 2362.1, 
    1967.4, 2083.5, 1755.1, 1704.1, 1473.7, 2317.8, 1502.5, 2305.2, 
    1437.1, 2169.8, 2261.7, 2202.6, 1625.5, 1837.7, 2598.4, 1314.2, 
    2505.4, 2737.2, 2483, 1774.2, 1883.4, 2519.4, 1719.4, 1977.4, 
    2085.9),