fibre15 <-
c(0.37, 0.4, 0.7, 0.75, 0.8, 0.81, 0.83, 0.86, 0.92, 0.92, 0.94, 
0.95, 0.98, 1.03, 1.06, 1.06, 1.08, 1.09, 1.1, 1.1, 1.13, 1.14, 
1.15, 1.17, 1.2, 1.2, 1.21, 1.22, 1.25, 1.28, 1.28, 1.29, 1.29, 
1.3, 1.35, 1.35, 1.37, 1.37, 1.38, 1.4, 1.4, 1.42, 1.43, 1.51, 
1.53, 1.61)
