hued <-
structure(c(264L, 132L, 116L, 141L, 17L, 751L, 253L, 80L, 18L, 
28L, 281L, 3L, 350L, 95L, 120L, 41L, 32L, 285L, 5L, 311L, 122L, 
17L, 2L, 0L, 18L, 0L, 26L, 6L, 28L, 2L, 10L, 86L, 0L, 82L, 26L, 
4L, 10L, 7L, 10L, 2L, 99L, 23L, 63L, 47L, 30L, 103L, 3L, 364L, 
75L, 36L, 24L, 33L, 238L, 7L, 166L, 72L, 49L, 67L, 32L, 199L, 
3L, 310L, 101L, 48L, 17L, 12L, 20L, 1L, 77L, 5L, 42L, 22L, 12L, 
200L, 3L, 130L, 70L, 84L, 31L, 48L, 118L, 2L, 409L, 39L), .Dim = c(7L, 
12L), .Dimnames = list(c("AsianPI", "Black", "Hispanic", "IntStudent", 
"NatAmer", "White", "NAOther"), c("College", "GSAS", "Business", 
"Dental", "Design", "Divinity", "Education", "Government", "Law", 
"Medical", "PHealth", "Extension")))
