huie <-
structure(list(Africa = c(60L, 20L, 25L, 0L, 2L, 3L, 3L, 29L, 
29L, 8L, 25L, 0L), Asia = c(173L, 665L, 203L, 25L, 128L, 15L, 
58L, 147L, 110L, 10L, 113L, 12L), Europe = c(203L, 436L, 203L, 
1L, 42L, 8L, 6L, 99L, 144L, 4L, 37L, 3L), SAmerica = c(25L, 53L, 
47L, 2L, 10L, 0L, 13L, 49L, 39L, 2L, 16L, 0L), MidEast = c(43L, 
105L, 35L, 8L, 7L, 0L, 2L, 32L, 23L, 0L, 13L, 3L), NAmerica = c(162L, 
183L, 82L, 9L, 26L, 10L, 13L, 22L, 62L, 18L, 35L, 2L), Oceania = c(28L, 
32L, 17L, 0L, 5L, 0L, 6L, 9L, 14L, 0L, 9L, 0L), Stateless = c(1L, 
0L, 0L, 0L, 0L, 0L, 0L, 0L, 0L, 0L, 0L, 0L)), .Names = c("Africa", 
"Asia", "Europe", "SAmerica", "MidEast", "NAmerica", "Oceania", 
"Stateless"), class = "data.frame", row.names = c("College", 
"GSAS", "Business", "Dental", "Design", "Divinity", "Education", 
"Government", "Law", "Medical", "PublicHealth", "Extension"))
