prison.us <-
structure(list(Year = 1977:2010, AL.num = c(5547L, 5625L, 5464L, 
6543L, 7657L, 9233L, 9856L, 10482L, 11015L, 11710L, 12827L, 12610L, 
13907L, 15665L, 16760L, 17453L, 18624L, 19573L, 20718L, 21760L, 
22290L, 22676L, 24658L, 26332L, 26741L, 27947L, 27913L, 25887L, 
27888L, 28241L, 29412L, 30508L, 31874L, 31764L), AL.pop = c(3780403L, 
3831836L, 3866248L, 3893888L, 3918531L, 3925266L, 3934102L, 3951820L, 
3972523L, 3991569L, 4015264L, 4023844L, 4030222L, 4048508L, 4091025L, 
4139269L, 4193114L, 4232965L, 4262731L, 4290403L, 4320281L, 4351037L, 
4369862L, 4451849L, 4464034L, 4472420L, 4490591L, 4512190L, 4545049L, 
4597688L, 4637904L, 4677464L, 4708708L, 4785401L), AK.num = c(799L, 
712L, 760L, 822L, 1024L, 1322L, 1631L, 1967L, 2329L, 2460L, 2528L, 
2588L, 2744L, 2622L, 2706L, 2865L, 2703L, 3292L, 3522L, 3716L, 
4165L, 4097L, 3949L, 4173L, 4571L, 4398L, 4527L, 4554L, 4812L, 
5069L, 5167L, 5014L, 5285L, 5597L), AK.pop = c(403436L, 404766L, 
402753L, 401851L, 418491L, 449606L, 488417L, 513702L, 532495L, 
544268L, 539309L, 541983L, 547159L, 553120L, 569273L, 587073L, 
596993L, 600624L, 601345L, 604918L, 608846L, 615205L, 619500L, 
627499L, 633316L, 642691L, 650884L, 661569L, 669488L, 677325L, 
682297L, 688125L, 698473L, 714146L), AZ.num = c(3229L, 3456L, 
3749L, 4372L, 5223L, 6069L, 6889L, 7845L, 8531L, 9434L, 10948L, 
12095L, 13251L, 14261L, 15415L, 16477L, 17811L, 19746L, 21341L, 
22493L, 23484L, 25311L, 25986L, 26510L, 27710L, 29359L, 31170L, 
32515L, 33565L, 35892L, 37746L, 39589L, 40627L, 40130L), AZ.pop = c(2425197L, 
2515316L, 2635571L, 2718215L, 2810107L, 2889861L, 2968925L, 3067135L, 
3183538L, 3308262L, 3437103L, 3535183L, 3622185L, 3679056L, 3762394L, 
3867333L, 3993390L, 4147561L, 4306908L, 4432308L, 4552207L, 4667277L, 
4778332L, 5166697L, 5304417L, 5452108L, 5591206L, 5759425L, 5974834L, 
6192100L, 6362241L, 6499377L, 6595778L, 6413158L), AR.num = c(2542L, 
2654L, 3042L, 2911L, 3328L, 3922L, 4246L, 4482L, 4611L, 4701L, 
5441L, 5519L, 6649L, 7322L, 7766L, 8285L, 8625L, 8957L, 8910L, 
9407L, 10021L, 10638L, 11415L, 11915L, 12594L, 13091L, 13315L, 
13807L, 13541L, 13729L, 14314L, 14716L, 15208L, 16204L), AR.pop = c(2209010L, 
2243127L, 2271333L, 2286435L, 2293201L, 2294257L, 2305761L, 2319768L, 
2327046L, 2331984L, 2342355L, 2342656L, 2346358L, 2354343L, 2370666L, 
2394098L, 2423743L, 2450605L, 2480121L, 2504858L, 2524007L, 2538202L, 
2551373L, 2678288L, 2691068L, 2704732L, 2722291L, 2746161L, 2776221L, 
2815097L, 2842194L, 2867764L, 2889450L, 2921588L), CA.num = c(19623L, 
21325L, 22632L, 24569L, 29202L, 34640L, 39373L, 43197L, 50158L, 
59484L, 66975L, 76171L, 87297L, 97309L, 101808L, 109496L, 119951L, 
126091L, 135646L, 146049L, 155790L, 160127L, 163067L, 163001L, 
159444L, 161361L, 164487L, 166556L, 170676L, 175512L, 174282L, 
173670L, 171275L, 165062L), CA.pop = c(22352396L, 22835958L, 
23256880L, 23667902L, 24285933L, 24820009L, 25360026L, 25844393L, 
26441109L, 27102237L, 27777158L, 28464249L, 29218164L, 29950111L, 
30414114L, 30875920L, 31147208L, 31317179L, 31493525L, 31780829L, 
32217708L, 32682794L, 33145121L, 33994571L, 34485623L, 34876194L, 
35251107L, 35558419L, 35795255L, 35979208L, 36226122L, 36580371L, 
36961664L, 37338198L), CO.num = c(2330L, 2486L, 2668L, 2629L, 
2772L, 3042L, 3244L, 3231L, 3386L, 3804L, 4808L, 5765L, 6908L, 
7671L, 8392L, 8997L, 9462L, 10717L, 11063L, 12438L, 13461L, 14312L, 
15670L, 16833L, 17448L, 18833L, 19671L, 20293L, 21456L, 22481L, 
22841L, 23274L, 22795L, 22815L), CO.pop = c(2696140L, 2766748L, 
2849234L, 2889964L, 2977898L, 3061564L, 3133630L, 3169992L, 3208723L, 
3237450L, 3260480L, 3262281L, 3275818L, 3303862L, 3367567L, 3459995L, 
3560884L, 3653910L, 3738061L, 3812716L, 3891293L, 3968967L, 4056133L, 
4328070L, 4433068L, 4504265L, 4548775L, 4599681L, 4660780L, 4753044L, 
4842259L, 4935213L, 5024748L, 5047692L), CT.num = c(3094L, 3189L, 
4061L, 4308L, 5263L, 5156L, 5474L, 5718L, 6149L, 6905L, 7511L, 
8005L, 9301L, 10500L, 10977L, 11403L, 13691L, 14380L, 14802L, 
16571L, 17241L, 17605L, 18639L, 18355L, 19196L, 20720L, 19846L, 
19497L, 19442L, 20566L, 20924L, 20661L, 19716L, 19321L), CT.pop = c(3085722L, 
3091627L, 3095917L, 3107576L, 3128836L, 3139013L, 3162354L, 3180014L, 
3201131L, 3223740L, 3247291L, 3271953L, 3283403L, 3289056L, 3288640L, 
3274997L, 3272325L, 3268346L, 3265293L, 3267030L, 3268514L, 3272563L, 
3282031L, 3411726L, 3428433L, 3448382L, 3467673L, 3474610L, 3477416L, 
3485162L, 3488633L, 3502932L, 3518288L, 3575498L), DE.num = c(1230L, 
1325L, 1419L, 1474L, 1712L, 2068L, 2198L, 2202L, 2553L, 2833L, 
2982L, 3197L, 3458L, 3471L, 3717L, 4062L, 4210L, 4466L, 4836L, 
5110L, 5435L, 5558L, 6983L, 6921L, 7003L, 6778L, 6794L, 6927L, 
6966L, 7206L, 7276L, 7075L, 6794L, 6598L), DE.pop = c(591829L, 
594776L, 594984L, 594338L, 595975L, 599148L, 605458L, 611565L, 
618280L, 627559L, 636947L, 647622L, 658273L, 669063L, 680495L, 
690158L, 699475L, 708416L, 718265L, 727090L, 735024L, 744066L, 
753538L, 786411L, 794620L, 804131L, 814905L, 826639L, 839906L, 
853022L, 864896L, 876211L, 885122L, 899792L), FL.num = c(19646L, 
21436L, 19748L, 20735L, 23589L, 27830L, 26334L, 26914L, 28600L, 
32237L, 32445L, 34732L, 39999L, 44387L, 46533L, 48302L, 53048L, 
57163L, 63879L, 63763L, 64626L, 67224L, 69596L, 71319L, 72404L, 
75210L, 82012L, 85533L, 89768L, 92969L, 98219L, 102388L, 103915L, 
104306L), FL.pop = c(8856183L, 9102032L, 9426159L, 9746324L, 
10192774L, 10471407L, 10749851L, 11039925L, 11351118L, 11667505L, 
11997283L, 12306395L, 12637715L, 13018365L, 13289497L, 13504775L, 
13713593L, 13961798L, 14185403L, 14426911L, 14683350L, 14908230L, 
15111244L, 16047118L, 16353869L, 16680309L, 16981183L, 17375259L, 
17783868L, 18088505L, 18277888L, 18423878L, 18537969L, 18838613L
), GA.num = c(12012L, 11317L, 12106L, 12178L, 12444L, 14405L, 
15358L, 15404L, 16262L, 16922L, 18575L, 18787L, 20885L, 22411L, 
23743L, 25290L, 27783L, 33425L, 34266L, 35139L, 36505L, 39262L, 
42091L, 44232L, 45937L, 47445L, 47208L, 51104L, 48749L, 52792L, 
54256L, 52719L, 56986L, 56432L), GA.pop = c(5219697L, 5295751L, 
5401384L, 5463105L, 5568345L, 5649792L, 5728250L, 5834954L, 5962661L, 
6084666L, 6208467L, 6316142L, 6411099L, 6506531L, 6621279L, 6759474L, 
6894092L, 7045900L, 7188538L, 7332225L, 7486094L, 7636522L, 7788240L, 
8230161L, 8419594L, 8585535L, 8735259L, 8913676L, 9097428L, 9330086L, 
9533761L, 9697838L, 9829211L, 9712157L), HI.num = c(554L, 727L, 
856L, 985L, 1207L, 1461L, 1700L, 1965L, 2111L, 2180L, 2264L, 
2300L, 2459L, 2533L, 2700L, 2926L, 3129L, 3333L, 3560L, 4011L, 
4978L, 4924L, 4903L, 5053L, 5431L, 5423L, 5828L, 5960L, 6146L, 
5967L, 5978L, 5955L, 5891L, 5912L), HI.pop = c(918259L, 931584L, 
953306L, 964691L, 978195L, 993780L, 1012717L, 1027922L, 1039698L, 
1051762L, 1067918L, 1079828L, 1094588L, 1112703L, 1131412L, 1149926L, 
1161508L, 1173903L, 1180490L, 1184434L, 1189322L, 1190472L, 1185497L, 
1211566L, 1218305L, 1228069L, 1239298L, 1252782L, 1266117L, 1275599L, 
1276832L, 1287481L, 1295178L, 1363359L), ID.num = c(774L, 802L, 
830L, 817L, 957L, 1044L, 1187L, 1253L, 1344L, 1448L, 1435L, 1581L, 
1850L, 1961L, 2143L, 2256L, 2606L, 2811L, 3328L, 3832L, 3911L, 
4083L, 4842L, 5535L, 5984L, 5746L, 5737L, 6375L, 6818L, 7124L, 
7319L, 7290L, 7400L, 7431L), ID.pop = c(883469L, 910690L, 932627L, 
943935L, 962204L, 973721L, 981869L, 990839L, 994051L, 990224L, 
984997L, 985664L, 994416L, 1011882L, 1038915L, 1066490L, 1101204L, 
1135459L, 1165000L, 1187706L, 1210638L, 1230923L, 1251700L, 1299551L, 
1321170L, 1342149L, 1364109L, 1391718L, 1425862L, 1464413L, 1499245L, 
1527506L, 1545801L, 1571102L), IL.num = c(11755L, 11258L, 11935L, 
11899L, 14328L, 14293L, 15595L, 17114L, 18634L, 19456L, 19850L, 
21081L, 24712L, 27516L, 29115L, 31640L, 34495L, 36531L, 37658L, 
38852L, 40788L, 43051L, 44660L, 45281L, 44348L, 42693L, 43418L, 
44054L, 44919L, 45106L, 45215L, 45474L, 45161L, 48418L),