profs.nz <-
structure(list(pubtotal = c(84L, 38L, 7L, 28L, 31L, 16L, 56L, 
38L, 8L, 34L, 48L, 32L, 6L, 36L, 1L, 19L, 11L, 18L, 17L, 14L, 
58L), cites = c(80L, 106L, 1L, 57L, 4L, 4L, 827L, 122L, 4L, 162L, 
116L, 239L, 25L, 259L, 0L, 21L, 0L, 9L, 10L, 4L, 48L), initials = c("CDL", 
"JJH", "MJA", "MLH", "MSB", "SJH", "DVJ", "EVK", "SP", "AJL", 
"AJS", "CJW", "CMT", "GAFS", "JMC", "TL", "JAB", "JJD", "BFJM", 
"RJB", "JAJ"), Surname = structure(c(12L, 9L, 1L, 8L, 3L, 7L, 
20L, 11L, 16L, 13L, 17L, 21L, 19L, 18L, 5L, 14L, 4L, 6L, 15L, 
2L, 10L), .Label = c("Anderson", "Barker", "Bebbington", "Brown", 
"Curran", "Deely", "Haslett", "Hazelton", "Hunter", "John", "Khmaladze", 
"Lai", "Lee", "Lumley", "Manly", "Pledger", "Scott", "Seber", 
"Triggs", "Vere-Jones", "Wild"), class = "factor"), firstyear = c(1977L, 
1969L, 1999L, 1996L, 1995L, 1985L, 1957L, 1979L, 2002L, 1976L, 
1967L, 1980L, 1977L, 1962L, 2006L, 1999L, 2001L, 1968L, 1967L, 
1994L, 1965L), ID = c(109295L, 190594L, 650954L, 608029L, 609865L, 
82195L, 203111L, 101090L, 690599L, 111690L, 157675L, 197729L, 
273433L, 157870L, 791650L, 646496L, 727986L, 55935L, 119250L, 
357976L, 234899L), pub1stAuthor = c(38L, 37L, 5L, 19L, 22L, 15L, 
33L, 33L, 7L, 19L, 26L, 9L, 0L, 25L, 0L, 5L, 3L, 9L, 14L, 4L, 
31L), ARPtotal = c(86L, 39L, NA, NA, NA, NA, 59L, 40L, NA, 35L, 
51L, 33L, NA, 40L, NA, NA, NA, NA, 18L, 15L, NA), institution = c("MU", 
"MU", "MU", "MU", "MU", "MU", "VU", "VU", "VU", "UA", "UA", "UA", 
"UA", "UA", "UA", "UA", "UC", "UC", "UO", "UO", "UW")), .Names = c("pubtotal", 
"cites", "initials", "Surname", "firstyear", "ID", "pub1stAuthor", 
"ARPtotal", "institution"), class = "data.frame", row.names = c(NA, 
-21L))
