rugby <-
structure(c(NA, 16, 13, 34, 8, 17, 3, 4, 16, 9, 4, NA, 16, 17, 
9, 101, 1, 9, 44, 10, 4, 24, NA, 37, 46, 27, 0, 42, 22, 56, 12, 
23, 53, NA, 29, 39, 0, 34, 21, 45, 5, 20, 73, 55, NA, 26, 1, 
66, 16, 65, 0, 41, 7, 12, 0, NA, 0, 0, 34, 3, 1, 4, 6, 3, 4, 
5, NA, 7, 7, 5, 9, 18, 71, 49, 57, 27, 0, NA, 17, 67, 0, 33, 
12, 11, 4, 50, 0, 5, NA, 1, 5, 25, 56, 43, 48, 26, 4, 48, 24, 
NA), .Dim = c(10L, 10L), .Dimnames = structure(list(winner = c("Argentina", 
"Australia", "England", "France", "Ireland", "New Zealand", "Samoa", 
"Scotland", "South Africa", "Wales"), loser = c("Argentina", 
"Australia", "England", "France", "Ireland", "New Zealand", "Samoa", 
"Scotland", "South Africa", "Wales")), .Names = c("winner", "loser"
)))
