trapO <-
structure(list(Date = structure(c(12876, 12877, 12878, 12879, 
12880, 12881, 12882, 12883, 12884, 12885, 12886, 12887, 12888, 
12889, 12890, 12891, 12892, 12893, 12894, 12895, 12896, 12897, 
12898, 12899, 12900, 12901, 12902, 12903, 12904, 12905, 12906, 
12907, 12908, 12909, 12910, 12911, 12912, 12913, 12914, 12915, 
12916, 12917, 12918, 12919, 12920, 12921, 12922, 12923, 12924, 
12925, 12926, 12927, 12928, 12929, 12930, 12931, 12932, 12933, 
12934, 12935, 12936, 12937, 12938, 12939, 12940, 12941, 12942, 
12943, 12944, 12945, 12946, 12947, 12948, 12949, 12950, 12951, 
12952, 12953, 12954, 12955, 12956, 12957, 12958, 12959, 12960, 
12961, 12962, 12963, 12964, 12965, 12966, 12967, 12968, 12969, 
12970, 12971, 12972, 12973, 12974, 12975, 12976, 12977, 12978, 
12979, 12980, 12981, 12982, 12983, 12984, 12985, 12986, 12987, 
12988, 12989, 12990, 12991, 12992, 12993, 12994, 12995, 12996, 
12997, 12998, 12999, 13000, 13001, 13002, 13003, 13004, 13005, 
13006, 13007, 13008, 13009, 13010, 13011, 13012, 13013, 13014, 
13015, 13016, 13017, 13018, 13019, 13020, 13242, 13243, 13244, 
13245, 13246, 13247, 13248, 13249, 13250, 13251, 13252, 13253, 
13254, 13255, 13256, 13257, 13258, 13259, 13260, 13261, 13262, 
13263, 13264, 13265, 13266, 13267, 13268, 13269, 13270, 13271, 
13272, 13273, 13274, 13275, 13276, 13277, 13278, 13279, 13280, 
13281, 13282, 13283, 13284, 13285, 13286, 13287, 13288, 13289, 
13290, 13291, 13292, 13293, 13294, 13295, 13296, 13297, 13298, 
13299, 13300, 13301, 13302, 13303, 13304, 13305, 13306, 13307, 
13308, 13309, 13310, 13311, 13312, 13313, 13314, 13315, 13316, 
13317, 13318, 13319, 13320, 13321, 13322, 13323, 13324, 13325, 
13326, 13327, 13328, 13329, 13330, 13331, 13332, 13333, 13334, 
13335, 13336, 13337, 13338, 13339, 13340, 13341, 13342, 13343, 
13344, 13345, 13346, 13347, 13348, 13349, 13350, 13351, 13352, 
13353, 13354, 13355, 13356, 13357, 13358, 13359, 13360, 13361, 
13362, 13363, 13364, 13365, 13366, 13367, 13368, 13369, 13370, 
13371, 13372, 13373, 13374, 13375, 13376, 13377, 13378, 13379, 
13380, 13381, 13382, 13383, 13384, 13385, 13386, 13387, 13388, 
13389, 13390, 13604, 13605, 13606, 13607, 13608, 13609, 13610, 
13611, 13612, 13613, 13614, 13615, 13616, 13617, 13618, 13619, 
13620, 13621, 13622, 13623, 13624, 13625, 13626, 13627, 13628, 
13629, 13630, 13631, 13632, 13633, 13634, 13635, 13636, 13637, 
13638, 13639, 13640, 13641, 13642, 13643, 13644, 13645, 13646, 
13647, 13648, 13649, 13650, 13651, 13652, 13653, 13654, 13655, 
13656, 13657, 13658, 13659, 13660, 13661, 13662, 13663, 13664, 
13665, 13666, 13667, 13668, 13669, 13670, 13671, 13672, 13673, 
13674, 13675, 13676, 13677, 13678, 13679, 13680, 13681, 13682, 
13683, 13684, 13685, 13686, 13687, 13688, 13689, 13690, 13691, 
13692, 13693, 13694, 13695, 13696, 13697, 13698, 13699, 13700, 
13701, 13702, 13703, 13704, 13705, 13706, 13707, 13708, 13709, 
13710, 13711, 13712, 13713, 13714, 13715, 13716, 13717, 13718, 
13719, 13720, 13721, 13722, 13723, 13724, 13725, 13726, 13727, 
13728, 13729, 13730, 13731, 13732, 13733, 13734, 13735, 13736, 
13737, 13738, 13739, 13740, 13741, 13742, 13743, 13744, 13745, 
13746, 13747, 13748, 13749, 13750, 13751, 13752, 13753, 13754, 
13755, 13756, 13971, 13972, 13973, 13974, 13975, 13976, 13977, 
13978, 13979, 13980, 13981, 13982, 13983, 13984, 13985, 13986, 
13987, 13988, 13989, 13990, 13991, 13992, 13993, 13994, 13995, 
13996, 13997, 13998, 13999, 14000, 14001, 14002, 14003, 14004, 
14005, 14006, 14007, 14008, 14009, 14010, 14011, 14012, 14013, 
14014, 14015, 14016, 14017, 14018, 14019, 14020, 14021, 14022, 
14023, 14024, 14025, 14026, 14027, 14028, 14029, 14030, 14031, 
14032, 14033, 14034, 14035, 14036, 14037, 14038, 14039, 14040, 
14041, 14042, 14043, 14044, 14045, 14046, 14047, 14048, 14049, 
14050, 14051, 14052, 14053, 14054, 14055, 14056, 14057, 14058, 
14059, 14060, 14061, 14062, 14063, 14064, 14065, 14066, 14067, 
14068, 14069, 14070, 14071, 14072, 14073, 14074, 14075, 14076, 
14077, 14078, 14079, 14080, 14081, 14082, 14083, 14084, 14085, 
14086, 14087, 14088, 14089, 14090, 14091, 14092, 14093, 14094, 
14095, 14096, 14097, 14098, 14099, 14100, 14101, 14102, 14103, 
14104, 14105, 14106, 14107, 14108, 14109, 14110, 14111, 14112, 
14113, 14114, 14115, 14116, 14117, 14118, 14119, 14120, 14121, 
14122, 14123, 14124, 14125, 14126, 14335, 14336, 14337, 14338, 
14339, 14340, 14341, 14342, 14343, 14344, 14345, 14346, 14347, 
14348, 14349, 14350, 14351, 14352, 14353, 14354, 14355, 14356, 
14357, 14358, 14359, 14360, 14361, 14362, 14363, 14364, 14365, 
14366, 14367, 14368, 14369, 14370, 14371, 14372, 14373, 14374, 
14375, 14376, 14377, 14378, 14379, 14380, 14381, 14382, 14383, 
14384, 14385, 14386, 14387, 14388, 14389, 14390, 14391, 14392, 
14393, 14394, 14395, 14396, 14397, 14398, 14399, 14400, 14401, 
14402, 14403, 14404, 14405, 14406, 14407, 14408, 14409, 14410, 
14411, 14412, 14413, 14414, 14415, 14416, 14417, 14418, 14419, 
14420, 14421, 14422, 14423, 14424, 14425, 14426, 14427, 14428, 
14429, 14430, 14431, 14432, 14433, 14434, 14435, 14436, 14437, 
14438, 14439, 14440, 14441, 14442, 14443, 14444, 14445, 14446, 
14447, 14448, 14449, 14450, 14451, 14452, 14453, 14454, 14455, 
14456, 14457, 14458, 14459, 14460, 14461, 14462, 14463, 14464, 
14465, 14466, 14467, 14468, 14469, 14470, 14471, 14472, 14473, 
14474, 14475, 14476, 14477, 14478, 14479, 14480, 14481, 14482, 
14483, 14484, 14485, 14486, 14487, 14488, 14489, 14490, 14700, 
14701, 14702, 14703, 14704, 14705, 14706, 14707, 14708, 14709, 
14710, 14711, 14712, 14713, 14714, 14715, 14716, 14717, 14718, 
14719, 14720, 14721, 14722, 14723, 14724, 14725, 14726, 14727, 
14728, 14729, 14730, 14731, 14732, 14733, 14734, 14735, 14736, 
14737, 14738, 14739, 14740, 14741, 14742, 14743, 14744, 14745, 
14746, 14747, 14748, 14749, 14750, 14751, 14752, 14753, 14754, 
14755, 14756, 14757, 14758, 14759, 14760, 14761, 14762, 14763, 
14764, 14765, 14766, 14767, 14768, 14769, 14770, 14771, 14772, 
14773, 14774, 14775, 14776, 14777, 14778, 14779, 14780, 14781, 
14782, 14783, 14784, 14785, 14786, 14787, 14788, 14789, 14790, 
14791, 14792, 14793, 14794, 14795, 14796, 14797, 14798, 14799, 
14800, 14801, 14802, 14803, 14804, 14805, 14806, 14807, 14808, 
14809, 14810, 14811, 14812, 14813, 14814, 14815, 14816, 14817, 
14818, 14819, 14820, 14821, 14822, 14823, 14824, 14825, 14826, 
14827, 14828, 14829, 14830, 14831, 14832, 14833, 14834, 14835, 
14836, 14837, 14838, 14839, 14840, 14841, 14842, 14843, 14844, 
14845, 14846, 14847, 14848, 14849, 14850, 14851, 14852, 14853, 
14854, 14855, 15068, 15069, 15070, 15071, 15072, 15073, 15074, 
15075, 15076, 15077, 15078, 15079, 15080, 15081, 15082, 15083, 
15084, 15085, 15086, 15087, 15088, 15089, 15090, 15091, 15092, 
15093, 15094, 15095, 15096, 15097, 15098, 15099, 15100, 15101, 
15102, 15103, 15104, 15105, 15106, 15107, 15108, 15109, 15110, 
15111, 15112, 15113, 15114, 15115, 15116, 15117, 15118, 15119, 
15120, 15121, 15122, 15123, 15124, 15125, 15126, 15127, 15128, 
15129, 15130, 15131, 15132, 15133, 15134, 15135, 15136, 15137, 
15138, 15139, 15140, 15141, 15142, 15143, 15144, 15145, 15146, 
15147, 15148, 15149, 15150, 15151, 15152, 15153, 15154, 15155, 
15156, 15157, 15158, 15159, 15160, 15161, 15162, 15163, 15164, 
15165, 15166, 15167, 15168, 15169, 15170, 15171, 15172, 15173, 
15174, 15175, 15176, 15177, 15178, 15179, 15180, 15181, 15182, 
15183, 15184, 15185, 15186, 15187, 15188, 15189, 15190, 15191, 
15192, 15193, 15194, 15195, 15196, 15197, 15198, 15199, 15200, 
15201, 15202, 15203, 15204, 15205, 15206, 15207, 15208, 15209, 
15210, 15211, 15212, 15213, 15214, 15215, 15216, 15217, 15218, 
15219, 15431, 15432, 15433, 15434, 15435, 15436, 15437, 15438, 
15439, 15440, 15441, 15442, 15443, 15444, 15445, 15446, 15447, 
15448, 15449, 15450, 15451, 15452, 15453, 15454, 15455, 15456, 
15457, 15458, 15459, 15460, 15461, 15462, 15463, 15464, 15465, 
15466, 15467, 15468, 15469, 15470, 15471, 15472, 15473, 15474, 
